0.919689
0.808834
0.020256
0.808834
0.423178
0.124648
0.320837
0.423178
0.919689
0.985608
0.808834
0.676662
0.020256
0.020256
0.919689
0.985608
0.320837
0.985608
0.985608
0.985608
0.985608
0.985608
0.423178
0.676662
0.808834
0.808834
0.124648
0.423178
0.124648
0.985608
0.423178
0.029635
0.029635
0.423178
0.676662
0.919689
0.238096
0.808834
0.808834
0.919689
0.676662
0.985608
0.423178
0.985608
0.423178
0.985608
0.808834
0.919689
0.423178
0.919689
0.000039
0.919689
0.985608
0.423178
0.676662
0.919689
0.985608
0.919689
0.985608
0.808834
0.320837
0.985608
0.985608
0.985608
0.423178
0.985608
0.985608
0.919689
0.919689
0.919689
0.000796
0.676662
0.919689
0.238096
0.985608
0.985608
0.919689
0.919689
0.808834
0.985608
0.676662
0.985608
0.676662
0.000039
0.423178
0.919689
0.985608
0.985608
0.919689
0.985608
0.985608
0.808834
0.919689
0.423178
0.000223
0.919689
0.808834
0.985608
0.320837
0.000000
