0.569214
0.282297
0.704336
0.569214
0.076581
0.704336
0.447884
0.145767
0.342782
1.000000
0.527089
0.949571
0.800282
0.009512
1.000000
1.000000
0.042985
0.569214
0.751830
0.410968
0.410968
0.002953
0.569214
0.704336
0.282297
1.000000
0.751830
0.569214
0.066636
0.410968
0.410968
0.704336
0.751830
0.569214
0.486616
0.447884
0.447884
0.229493
0.949571
0.311572
1.000000
0.800282
0.899343
0.899343
0.375921
0.612882
1.000000
0.342782
0.612882
0.704336
0.076581
0.031528
0.254945
0.527089
0.949571
0.751830
0.342782
0.751830
0.899343
0.751830
0.612882
0.949571
0.205903
1.000000
0.410968
0.657969
0.612882
0.949571
0.569214
0.899343
0.751830
0.205903
0.569214
0.949571
0.282297
0.569214
0.849515
0.527089
0.342782
0.184126
0.612882
0.569214
0.751830
0.527089
0.800282
0.184126
0.145767
0.704336
0.800282
0.657969
0.612882
0.447884
0.751830
0.704336
0.849515
0.410968
0.342782
0.342782
0.311572
0.800282
