0.817120
0.138854
0.498531
0.015434
0.897853
0.426779
0.182527
0.233970
0.570425
0.640142
0.292651
0.292651
0.138854
0.498531
0.357467
0.640142
0.570425
0.897853
0.233970
0.233970
0.003548
0.817120
0.426779
0.640142
0.426779
0.052276
0.138854
0.357467
0.138854
0.138854
0.357467
0.498531
0.498531
0.498531
0.102945
0.035777
0.182527
0.498531
0.570425
0.817120
0.182527
0.426779
0.764955
0.357467
0.426779
0.705561
0.991112
0.233970
0.357467
0.991112
0.897853
0.640142
0.357467
0.705561
0.949014
0.498531
0.705561
0.926786
0.498531
0.498531
0.817120
0.426779
0.233970
0.570425
0.182527
0.764955
0.991112
0.233970
0.817120
0.426779
0.764955
0.426779
0.426779
0.052276
0.498531
0.357467
0.949014
0.233970
0.138854
0.233970
0.498531
0.498531
0.570425
0.640142
0.705561
0.570425
0.138854
0.498531
0.991112
0.138854
0.498531
0.357467
0.998273
0.182527
0.996921
0.498531
0.764955
0.897853
0.640142
0.817120
