0.847115
0.037025
0.778440
0.100561
0.847115
0.778440
0.220925
0.498961
0.498961
0.847115
0.695002
0.778440
0.220925
0.600085
0.498961
0.398036
0.778440
0.938169
0.398036
0.037025
0.010926
0.778440
0.303653
0.695002
0.498961
0.498961
0.220925
0.695002
0.600085
0.303653
0.498961
0.600085
0.778440
0.847115
0.037025
0.062700
0.498961
0.220925
0.695002
0.695002
0.152945
0.600085
0.600085
0.600085
0.600085
0.600085
0.989703
0.220925
0.695002
0.847115
0.778440
0.695002
0.398036
0.303653
0.963898
0.600085
0.303653
0.778440
0.778440
0.498961
0.778440
0.778440
0.152945
0.778440
0.152945
0.778440
0.963898
0.303653
0.847115
0.498961
0.900023
0.778440
0.498961
0.152945
0.847115
0.303653
0.900023
0.303653
0.498961
0.220925
0.695002
0.398036
0.398036
0.695002
0.600085
0.778440
0.220925
0.778440
0.963898
0.398036
0.303653
0.600085
0.963898
0.600085
0.963898
0.062700
0.900023
0.600085
0.778440
0.303653
