0.847115
0.817120
0.037025
0.138854
0.778440
0.498531
0.100561
0.015434
0.847115
0.897853
0.778440
0.426779
0.220925
0.182527
0.498961
0.233970
0.498961
0.570425
0.847115
0.640142
0.695002
0.292651
0.778440
0.292651
0.220925
0.138854
0.600085
0.498531
0.498961
0.357467
0.398036
0.640142
0.778440
0.570425
0.938169
0.897853
0.398036
0.233970
0.037025
0.233970
0.010926
0.003548
0.778440
0.817120
0.303653
0.426779
0.695002
0.640142
0.498961
0.426779
0.498961
0.052276
0.220925
0.138854
0.695002
0.357467
0.600085
0.138854
0.303653
0.138854
0.498961
0.357467
0.600085
0.498531
0.778440
0.498531
0.847115
0.498531
0.037025
0.102945
0.062700
0.035777
0.498961
0.182527
0.220925
0.498531
0.695002
0.570425
0.695002
0.817120
0.152945
0.182527
0.600085
0.426779
0.600085
0.764955
0.600085
0.357467
0.600085
0.426779
0.600085
0.705561
0.989703
0.991112
0.220925
0.233970
0.695002
0.357467
0.847115
0.991112
0.778440
0.897853
0.695002
0.640142
0.398036
0.357467
0.303653
0.705561
0.963898
0.949014
0.600085
0.498531
0.303653
0.705561
0.778440
0.926786
0.778440
0.498531
0.498961
0.498531
0.778440
0.817120
0.778440
0.426779
0.152945
0.233970
0.778440
0.570425
0.152945
0.182527
0.778440
0.764955
0.963898
0.991112
0.303653
0.233970
0.847115
0.817120
0.498961
0.426779
0.900023
0.764955
0.778440
0.426779
0.498961
0.426779
0.152945
0.052276
0.847115
0.498531
0.303653
0.357467
0.900023
0.949014
0.303653
0.233970
0.498961
0.138854
0.220925
0.233970
0.695002
0.498531
0.398036
0.498531
0.398036
0.570425
0.695002
0.640142
0.600085
0.705561
0.778440
0.570425
0.220925
0.138854
0.778440
0.498531
0.963898
0.991112
0.398036
0.138854
0.303653
0.498531
0.600085
0.357467
0.963898
0.998273
0.600085
0.182527
0.963898
0.996921
0.062700
0.498531
0.900023
0.764955
0.600085
0.897853
0.778440
0.640142
0.303653
0.817120
