0.203120
0.214938
0.379798
0.408496
0.064933
0.461730
0.674683
0.172838
0.535053
0.591159
0.577047
0.547069
0.069263
0.831643
0.937810
0.226655
0.042667
0.664332
0.899794
0.781390
0.549940
0.156555
0.209990
0.800812
0.257334
0.732993
0.597034
0.941721
0.048529
0.264554
0.805684
0.734030
0.290841
0.897466
0.882259
0.510720
0.145118
0.604896
0.923788
0.568181
0.419873
0.226918
0.981360
0.963315
0.264052
0.649502
0.121385
0.086411
0.846860
0.173819
0.287188
0.442612
0.459492
0.815134
0.057144
0.371620
0.222067
0.017620
0.093991
0.826836
0.906656
0.718238
0.869886
0.592567
0.332116
0.243575
0.850141
0.419812
0.713598
0.803252
0.017242
0.516666
0.607803
0.616929
0.078135
0.051460
0.808166
0.271554
0.773617
0.182120
0.913554
0.817085
0.645482
0.933707
0.166751
0.361460
0.355797
0.581196
0.946641
0.092587
0.858610
0.843576
0.978998
0.489790
0.603711
0.337210
0.193786
0.013733
0.950821
0.647671
