0.028640
0.605788
0.370803
0.102834
0.605788
0.605788
0.987272
0.062251
0.850728
0.850728
0.850728
0.028640
0.850728
0.987272
0.102834
0.605788
0.370803
0.062251
0.850728
0.850728
0.102834
0.012654
0.850728
0.605788
0.850728
0.850728
0.605788
0.850728
0.605788
0.370803
0.370803
0.605788
0.605788
0.987272
0.062251
0.605788
0.605788
0.370803
0.605788
0.605788
0.370803
0.987272
0.987272
0.987272
0.605788
0.850728
0.605788
0.002252
0.370803
0.850728
0.605788
0.605788
0.850728
0.850728
0.605788
0.370803
0.028640
0.850728
0.850728
0.605788
0.850728
0.987272
0.102834
0.605788
0.605788
0.987272
0.850728
0.370803
0.012654
0.850728
0.987272
0.370803
0.203324
0.605788
0.987272
0.987272
0.850728
0.370803
0.850728
0.987272
0.987272
0.605788
0.370803
0.605788
0.000193
0.370803
0.062251
0.850728
0.850728
0.987272
0.370803
0.370803
0.850728
0.370803
0.987272
0.850728
0.370803
0.987272
0.012654
0.370803
