0.987272
0.987272
0.370803
0.850728
0.850728
0.850728
0.850728
0.850728
0.605788
0.370803
0.012654
0.012654
0.605788
0.605788
0.850728
0.605788
0.850728
0.605788
0.370803
0.987272
0.850728
0.605788
0.605788
0.605788
0.605788
0.850728
0.987272
0.850728
0.850728
0.062251
0.987272
0.605788
0.605788
0.987272
0.062251
0.012654
0.987272
0.850728
0.370803
0.370803
0.850728
0.605788
0.012654
0.605788
0.850728
0.850728
0.850728
0.850728
0.605788
0.370803
0.370803
0.062251
0.987272
0.605788
0.005411
0.850728
0.850728
0.850728
0.850728
0.850728
0.605788
0.850728
0.987272
0.605788
0.605788
0.850728
0.987272
0.850728
0.850728
0.370803
0.028640
0.987272
0.370803
0.987272
0.012654
0.605788
0.605788
0.987272
0.850728
0.605788
0.605788
0.012654
0.012654
0.850728
0.850728
0.012654
0.850728
0.012654
0.987272
0.605788
0.850728
0.012654
0.850728
0.850728
0.850728
0.850728
0.028640
0.850728
0.987272
0.605788
