0.012654
0.850728
0.850728
0.605788
0.370803
0.000075
0.850728
0.850728
0.850728
0.370803
0.850728
0.850728
0.987272
0.850728
0.850728
0.062251
0.605788
0.987272
0.850728
0.605788
0.012654
0.605788
0.062251
0.028640
0.850728
0.605788
0.987272
0.005411
0.850728
0.850728
0.987272
0.028640
0.000015
0.850728
0.987272
0.605788
0.605788
0.850728
0.987272
0.370803
0.605788
0.850728
0.605788
0.370803
0.987272
0.370803
0.605788
0.605788
0.605788
0.605788
0.370803
0.002252
0.850728
0.850728
0.605788
0.370803
0.370803
0.005411
0.028640
0.987272
0.987272
0.370803
0.850728
0.850728
0.028640
0.850728
0.370803
0.605788
0.850728
0.850728
0.370803
0.987272
0.062251
0.850728
0.605788
0.028640
0.850728
0.987272
0.850728
0.605788
0.000039
0.605788
0.605788
0.987272
0.605788
0.605788
0.062251
0.028640
0.605788
0.987272
0.850728
0.012654
0.605788
0.850728
0.012654
0.062251
0.850728
0.370803
0.028640
0.605788
