0.999931
0.999921
0.999929
0.999051
0.999987
0.999990
0.997722
0.999867
0.997372
0.993038
0.999591
0.999149
0.999989
0.999122
0.991195
0.999001
0.999691
0.999791
0.997157
0.999275
0.999418
0.999742
0.999499
0.999770
0.999566
0.999735
0.998397
0.999723
0.999965
0.999582
0.999990
0.999971
0.999847
0.998351
0.999785
0.999218
0.999988
0.994108
0.999463
0.999946
0.998786
0.999985
0.998536
0.999882
0.999499
0.997233
0.999910
0.999869
0.999587
0.999907
0.999897
0.999968
0.999716
0.999167
0.999824
0.998593
0.999978
0.997113
0.999529
0.999784
0.999730
0.999971
0.995585
0.999994
0.999242
0.999996
0.998298
0.999842
0.999435
0.999958
0.999985
0.997180
0.998786
0.999884
0.999117
0.999852
0.996300
0.975658
0.999351
0.998404
0.998650
0.999900
0.999795
0.999992
0.999856
0.999982
0.999324
0.996665
0.987730
0.999950
0.998089
0.999875
0.999771
0.999077
0.995585
0.999992
0.999576
0.999546
0.999978
0.999912
