0.736060
0.458362
0.508616
0.589898
0.107464
0.922381
0.347709
0.187473
0.163980
0.876384
0.368117
0.434505
0.971736
0.013074
0.534965
0.736060
0.085970
0.411511
0.982178
0.411511
0.434505
0.003131
0.922381
0.876384
0.562079
0.647327
0.458362
0.647327
0.124154
0.242509
0.411511
0.368117
0.589898
0.900481
0.706355
0.706355
0.187473
0.368117
0.958243
0.291508
0.876384
0.941731
0.676715
0.922381
0.508616
0.618347
0.876384
0.589898
0.227688
0.676715
0.107464
0.045592
0.458362
0.823133
0.900481
0.823133
0.589898
0.941731
0.989720
0.647327
0.794732
0.922381
0.274399
0.823133
0.589898
0.876384
0.736060
0.850473
0.589898
0.850473
0.900481
0.291508
0.589898
0.900481
0.328147
0.922381
0.941731
0.589898
0.647327
0.163980
0.483072
0.309419
0.736060
0.618347
0.941731
0.242509
0.085970
0.706355
0.971736
0.328147
0.508616
0.534965
0.736060
0.676715
0.922381
0.508616
0.458362
0.124154
0.483072
0.389382
