0.389382
0.242509
0.850473
0.676715
0.142934
0.589898
0.823133
0.213590
0.618347
0.876384
0.794732
0.389382
0.876384
0.013074
0.534965
0.736060
0.045592
0.736060
0.765607
0.618347
0.434505
0.004798
0.434505
0.534965
0.434505
0.647327
0.736060
0.676715
0.115559
0.736060
0.647327
0.647327
0.876384
0.876384
0.618347
0.647327
0.618347
0.458362
0.922381
0.328147
0.876384
0.900481
0.794732
0.823133
0.411511
0.706355
0.876384
0.389382
0.562079
0.706355
0.032493
0.063055
0.227688
0.876384
0.941731
0.534965
0.368117
0.676715
0.941731
0.389382
0.765607
0.958243
0.258072
0.823133
0.618347
0.765607
0.328147
0.900481
0.213590
0.736060
0.850473
0.153163
0.823133
0.850473
0.508616
0.794732
0.794732
0.794732
0.328147
0.368117
0.922381
0.618347
0.941731
0.483072
0.736060
0.175409
0.258072
0.794732
0.989720
0.676715
0.900481
0.124154
0.458362
0.922381
0.765607
0.099849
0.274399
0.647327
0.187473
0.589898
