0.389382
0.736060
0.242509
0.458362
0.850473
0.508616
0.676715
0.589898
0.142934
0.107464
0.589898
0.922381
0.823133
0.347709
0.213590
0.187473
0.618347
0.163980
0.876384
0.876384
0.794732
0.368117
0.389382
0.434505
0.876384
0.971736
0.013074
0.013074
0.534965
0.534965
0.736060
0.736060
0.045592
0.085970
0.736060
0.411511
0.765607
0.982178
0.618347
0.411511
0.434505
0.434505
0.004798
0.003131
0.434505
0.922381
0.534965
0.876384
0.434505
0.562079
0.647327
0.647327
0.736060
0.458362
0.676715
0.647327
0.115559
0.124154
0.736060
0.242509
0.647327
0.411511
0.647327
0.368117
0.876384
0.589898
0.876384
0.900481
0.618347
0.706355
0.647327
0.706355
0.618347
0.187473
0.458362
0.368117
0.922381
0.958243
0.328147
0.291508
0.876384
0.876384
0.900481
0.941731
0.794732
0.676715
0.823133
0.922381
0.411511
0.508616
0.706355
0.618347
0.876384
0.876384
0.389382
0.589898
0.562079
0.227688
0.706355
0.676715
0.032493
0.107464
0.063055
0.045592
0.227688
0.458362
0.876384
0.823133
0.941731
0.900481
0.534965
0.823133
0.368117
0.589898
0.676715
0.941731
0.941731
0.989720
0.389382
0.647327
0.765607
0.794732
0.958243
0.922381
0.258072
0.274399
0.823133
0.823133
0.618347
0.589898
0.765607
0.876384
0.328147
0.736060
0.900481
0.850473
0.213590
0.589898
0.736060
0.850473
0.850473
0.900481
0.153163
0.291508
0.823133
0.589898
0.850473
0.900481
0.508616
0.328147
0.794732
0.922381
0.794732
0.941731
0.794732
0.589898
0.328147
0.647327
0.368117
0.163980
0.922381
0.483072
0.618347
0.309419
0.941731
0.736060
0.483072
0.618347
0.736060
0.941731
0.175409
0.242509
0.258072
0.085970
0.794732
0.706355
0.989720
0.971736
0.676715
0.328147
0.900481
0.508616
0.124154
0.534965
0.458362
0.736060
0.922381
0.676715
0.765607
0.922381
0.099849
0.508616
0.274399
0.458362
0.647327
0.124154
0.187473
0.483072
0.589898
0.389382
