0.759543
0.293857
0.256782
0.619980
0.771958
0.114839
0.333316
0.407890
0.504235
0.527089
0.939479
0.486694
0.310574
0.024346
0.899343
1.000000
0.002278
0.941396
0.571323
0.063346
0.398591
0.422062
0.792309
0.845927
0.293857
0.527089
0.113089
0.665296
0.554312
0.583552
0.321577
0.654632
0.847023
0.711869
0.275269
0.351851
0.133474
0.738159
0.751733
0.194596
0.849515
0.702816
0.999596
0.703956
0.732887
0.956008
0.569214
0.725342
0.346793
0.013455
0.053515
0.397644
0.720587
0.667020
0.113874
0.797819
0.822194
0.344345
0.343031
0.896830
0.943112
0.066616
0.179287
0.800282
0.816723
0.308523
0.806496
0.066654
0.480079
0.849910
0.043290
0.179287
0.089520
0.569298
0.820770
0.337438
0.375290
0.336192
0.637210
0.521491
0.943112
0.743986
0.847023
0.142136
0.449067
0.893252
0.229931
0.313685
0.801834
0.854347
0.993539
0.069224
0.706658
0.057146
0.113573
0.387234
0.549701
0.773326
0.137006
0.656485
