0.223729
0.534026
0.074070
0.796060
0.133282
0.910173
0.952501
0.128881
0.276981
0.879372
0.071483
0.833370
0.868349
0.210168
0.796060
0.856990
0.276981
0.543672
0.879372
0.808714
0.023818
0.051679
0.469323
0.379789
0.890034
0.505815
0.730474
0.379793
0.856990
0.543672
0.023597
0.965794
0.582685
0.959424
0.411961
0.821159
0.690064
0.287414
0.268811
0.821159
0.180637
0.783217
0.496494
0.098067
0.108747
0.808714
0.845322
0.663002
0.411965
0.743829
0.556559
0.007310
0.203640
0.690064
0.945036
0.457496
0.845322
0.730479
0.856986
0.569565
0.868349
0.662997
0.622566
0.981490
0.821159
0.293900
0.676533
0.247283
0.717055
0.457492
0.625851
0.622572
0.981490
0.239822
0.508856
0.703572
0.124607
0.770222
0.530918
0.649483
0.403696
0.521370
0.879372
0.928566
0.007018
0.879368
0.120460
0.952498
0.582685
0.845322
0.203643
0.845322
0.757078
0.423071
0.845322
0.856990
0.945039
0.191092
0.757083
0.910173
