0.500233
0.015309
0.572946
0.860952
0.335358
0.659963
0.610515
0.482723
0.001726
0.909745
0.188573
0.458739
0.724477
0.160413
0.713179
0.901789
0.425633
0.652336
0.591656
0.543403
0.455366
0.095536
0.536105
0.797588
0.709401
0.124312
0.285610
0.901789
0.295599
0.050628
0.093591
0.014274
0.528846
0.811542
0.448660
0.728230
0.340933
0.818409
0.754265
0.927097
0.794057
0.845053
0.378737
0.887878
0.790510
0.432141
0.841800
0.047425
0.572946
0.397084
0.212788
0.300691
0.599184
0.961550
0.848283
0.754265
0.366819
0.393987
0.993171
0.933990
0.547066
0.757946
0.468940
0.472366
0.412795
0.835225
0.174843
0.442010
0.757946
0.867132
0.690441
0.867132
0.901789
0.037636
0.648523
0.372746
0.543403
0.948738
0.226842
0.794057
0.644712
0.283153
0.425633
0.521628
0.854668
0.584152
0.602956
0.271107
0.958091
0.652336
0.558108
0.496707
0.235202
0.885002
0.988934
0.580410
0.479258
0.319018
0.157347
0.794057
